001
Occupied: 10233     format created: 9/14/2018 format: x y color.r color.g color.b color.a
current: 9/14/2018 13:6:59
0 0 0 121 241 255
0 -1 0 121 241 255
3 -2 0 121 241 255
3 -2 0 121 241 255
-3 -1 0 121 241 255
-3 -2 0 121 241 255
-3 -3 0 121 241 255
-4 -3 0 121 241 255
-5 -3 0 121 241 255
4 -1 0 121 241 255
5 0 0 121 241 255
7 1 0 121 241 255
7 1 0 121 241 255
5 1 0 121 241 255
2 6 230 41 55 255
1 8 230 41 55 255
1 8 230 41 55 255
1 8 230 41 55 255
1 8 230 41 55 255
-3 8 230 41 55 255
-1 11 230 41 55 255
-1 11 230 41 55 255
1 13 230 41 55 255
1 13 230 41 55 255
2 -2 0 228 48 255
0 -2 0 228 48 255
-1 -1 0 228 48 255
0 -1 0 228 48 255
2 1 230 41 55 255
5 3 230 41 55 255
-5 2 0 121 241 255
-5 0 0 121 241 255
4 0 0 121 241 255
7 -3 0 121 241 255
7 -3 0 121 241 255
9 -4 0 121 241 255
9 -4 0 121 241 255
9 -4 0 121 241 255
9 -4 0 121 241 255
9 -4 0 121 241 255
8 -4 0 121 241 255
8 -4 0 121 241 255
9 -6 0 121 241 255
9 -6 0 121 241 255
8 -6 0 121 241 255
8 -6 0 121 241 255
7 -5 0 121 241 255
7 -5 0 121 241 255